4
0.019440
0.019339
0.019480
0.019437
0.018711
0.019587
0.019369
0.018718
0.018886
0.018885
--------------------------------
AVERAGE_SUM: 0.019185
0.018796
0.019022
0.018880
0.018777
0.018751
0.018775
0.018729
0.019348
0.018810
0.018721
--------------------------------
AVERAGE_SUM: 0.018861
0.018999
0.018707
0.019328
0.018745
0.018757
0.018694
0.019552
0.019395
0.018740
0.019482
--------------------------------
AVERAGE_SUM: 0.019040
0.019546
0.019432
0.019517
0.019498
0.019408
0.019478
0.018969
0.018729
0.018876
0.018748
--------------------------------
AVERAGE_SUM: 0.019220
