4
0.019603
0.019663
0.019540
0.019645
0.019506
0.019611
0.019708
0.019436
0.019667
0.019578
--------------------------------
AVERAGE_SUM: 0.019596
0.010689
0.010521
0.010524
0.010557
0.010508
0.010544
0.010554
0.010547
0.010559
0.010547
--------------------------------
AVERAGE_SUM: 0.010555
0.008324
0.008207
0.008212
0.008200
0.008231
0.008202
0.008231
0.008207
0.008216
0.008404
--------------------------------
AVERAGE_SUM: 0.008244
0.007082
0.006854
0.006878
0.006878
0.006904
0.007078
0.006914
0.006852
0.006862
0.006895
--------------------------------
AVERAGE_SUM: 0.006920
