3.574359
3.499392
3.481971
3.505307
3.479484
3.482760
3.287438
3.482488
3.402615
3.504663
----------
AVERAGE_SUM: 3.470048
0.167671
0.184487
0.170217
0.172621
0.167476
0.184401
0.171277
0.175554
0.175478
0.178940
----------
AVERAGE_SUM: 0.174812
0.174258
0.166096
0.162979
0.162774
0.160805
0.169122
0.166867
0.163221
0.160241
0.157828
----------
AVERAGE_SUM: 0.164419
0.154766
0.155977
0.165693
0.167961
0.164824
0.159955
0.157854
0.155083
0.157100
0.169664
----------
AVERAGE_SUM: 0.160888
0.172389
0.155631
0.166332
0.164716
0.154082
0.150646
0.150754
0.161951
0.151610
0.165470
----------
AVERAGE_SUM: 0.159358
0.150773
0.158093
0.157254
0.151866
0.145552
0.162638
0.148175
0.154155
0.161351
0.166216
----------
AVERAGE_SUM: 0.155607
0.151574
0.144049
0.155547
0.165723
0.153221
0.147011
0.151029
0.149432
0.149623
0.146367
----------
AVERAGE_SUM: 0.151358
0.152978
0.151944
0.147056
0.158906
0.145228
0.146432
0.162054
0.153678
0.148615
0.149445
----------
AVERAGE_SUM: 0.151633
0.148439
0.142545
0.149358
0.161382
0.162501
0.150968
0.150484
0.151114
0.154995
0.150759
----------
AVERAGE_SUM: 0.152254
0.146014
0.151520
0.152027
0.156114
0.143800
0.147101
0.145501
0.152999
0.153879
0.151148
----------
AVERAGE_SUM: 0.150010
0.145813
0.148003
0.152904
0.143356
0.142669
0.145126
0.151523
0.148702
0.147794
0.145825
----------
AVERAGE_SUM: 0.147172
0.149675
0.150835
0.142728
0.142604
0.143859
0.147204
0.159511
0.149206
0.145771
0.142089
----------
AVERAGE_SUM: 0.147348
